- Jet Lab

Date: time.struct_time(tm_year=2022, tm_mon=11, tm_mday=9, tm_hour=17, tm_min=0, tm_sec=18, tm_wday=2, tm_yday=313, tm_isdst=0)
Step: 5 motor steps 

1022
1318
1248
1228
1449
1302
1152
1338
1172
1390
1366
1376
1372
1364
1243
1362
1172
1384
1464
1469
1458
1392
1332
1352
1408
1339
1364
1352
1392
1301
1336
1346
1457
1368
1219
1430
1318
1368
1347
1324
1370
1344
1392
1393
1376
1252
960
1413
985
1414
1340
1283
978
1536
1830
2676
3416
3712
3814
3840
3888
3782
3712
3804
3792
3760
3670
3800
3800
3784
3744
3824
3840
3712
3704
3824
3776
3736
3768
3700
3776
3688
3684
3704
3680
3504
3116
2560
1594
1338
1375
1358
1362
1389
1296
1377
1411
1376
1284
1344
1386
1370
1368
1300
1314
1280
1374
1432
1444
1436
1380
1500
1492
1408
1431
1469
1437
1422
1290
1388
1367
1321
1372
1244
1365
1361
1410
1436
1241
1320
1281
1413
1341
1275
1388
1404
1432
1329
1421
1395
