- Jet Lab

Date: time.struct_time(tm_year=2022, tm_mon=11, tm_mday=9, tm_hour=17, tm_min=8, tm_sec=22, tm_wday=2, tm_yday=313, tm_isdst=0)
Step: 5 motor steps 

964
1227
1212
1320
1284
1334
1266
1328
1420
1446
1321
1367
1446
1472
1446
1342
1280
1536
1504
1440
1369
1376
1334
1452
1544
1418
1188
1244
1395
1464
1274
1270
1385
1379
1388
1430
1408
1411
1392
1303
1381
1424
1473
1432
1383
1442
1338
1568
1408
1434
1460
1544
1506
1592
1560
1669
1688
1704
1744
1552
1702
1600
1840
1952
1816
1846
1785
1714
1746
1816
1800
1945
1908
1934
1966
2000
1848
1878
2033
1640
1968
2083
1780
1864
1921
1460
1856
1648
1672
1816
1768
1830
1915
1780
1848
1770
1824
1652
1656
1742
1819
1609
1666
1437
1488
1548
1564
1634
1227
1571
1650
1522
1539
1514
1481
1558
1548
1540
1492
1532
1322
1394
1504
1536
1409
1347
1433
1297
1401
1438
1405
1492
1350
1382
1230
1006
1408
1292
1366
1306
