- Jet Lab

Date: time.struct_time(tm_year=2022, tm_mon=11, tm_mday=9, tm_hour=17, tm_min=1, tm_sec=34, tm_wday=2, tm_yday=313, tm_isdst=0)
Step: 5 motor steps 

1139
1292
1297
1442
1310
1432
1412
1389
1390
1400
1404
1404
1460
1376
1374
1484
1469
1400
1308
1427
1336
1286
1330
1293
1324
1353
1356
1280
1362
1329
1393
1401
1430
1398
1244
1335
1430
1385
1440
1472
1390
1443
1456
1520
1460
1549
1344
1292
1404
1413
1389
1368
1292
1402
1571
1769
2136
2804
3308
3702
3776
3776
3804
3724
3840
3740
3728
3756
3684
3812
3756
3864
3752
3832
3824
3712
3756
3748
3672
3868
3680
3666
3504
3180
3028
1735
2180
1992
1869
1298
1524
1097
1432
1282
1305
1360
1408
1468
1416
1424
1422
1442
1432
1368
1430
1246
1357
1345
1376
1536
1457
1499
1500
1476
1420
1370
1496
1385
1421
1243
1460
1487
1486
1337
1334
1274
1377
1416
1327
1328
1376
1345
1390
1323
1144
1356
1390
1292
1401
1400
