- Jet Lab

Date: time.struct_time(tm_year=2022, tm_mon=11, tm_mday=9, tm_hour=17, tm_min=3, tm_sec=6, tm_wday=2, tm_yday=313, tm_isdst=0)
Step: 5 motor steps 

974
1297
1180
1350
1171
1178
1318
1368
1462
1376
1373
1408
1456
1403
1388
1456
1536
1392
1374
1516
970
1313
1024
1298
1432
1432
1392
1380
1336
1280
1360
1440
1352
1312
1258
1376
1452
1528
1346
1340
1424
1377
1404
1330
1298
1470
1419
1400
1394
1571
1462
1766
1868
2009
2052
2388
2504
2616
2784
2976
3312
3112
3576
3401
3474
3760
3750
3808
3724
3524
3718
3790
3649
3704
3827
3760
3680
3630
3616
3752
3404
3264
2896
2588
2432
2405
2416
2048
1976
1704
1455
1564
1574
1421
1458
1411
1474
1340
1355
1288
1285
1280
1344
1338
1240
1352
1427
1397
1366
1297
1344
1119
1348
1400
1389
1299
1312
1330
1362
1346
1357
1233
1330
1316
1264
1404
1386
1280
1328
1377
1408
1274
1356
1420
1360
1309
1344
1306
1377
1374
