- Jet Lab

Date: time.struct_time(tm_year=2022, tm_mon=11, tm_mday=9, tm_hour=17, tm_min=3, tm_sec=58, tm_wday=2, tm_yday=313, tm_isdst=0)
Step: 5 motor steps 

1094
1384
1397
1302
1326
1380
1300
1188
1436
1482
1362
1376
1496
1366
1368
1368
1459
1179
1323
1431
1480
1354
1355
1292
1416
1371
1452
1257
1360
1362
1404
1296
1320
1372
1466
1344
1347
1372
1458
1414
1443
1395
1482
1432
1576
1507
1388
1392
1419
1548
1606
1723
1904
1816
1784
2240
2102
2244
2520
2440
2728
2872
3016
3160
3120
3203
3159
3366
3692
3692
3371
3538
3658
3664
3504
3616
3584
3640
3209
3441
3428
3136
2792
2714
2520
2507
2276
2067
2116
1868
1884
1874
1672
1600
1481
1416
1573
1620
1584
1412
1440
1440
1416
1292
1244
1153
1291
1323
1383
1412
1416
1420
1492
1478
1464
1318
1484
1423
1436
1478
1436
1344
1443
1295
1393
1252
1312
1328
1294
1291
1025
1395
975
1341
932
1274
1424
1352
1323
1378
