- Jet Lab

Date: time.struct_time(tm_year=2022, tm_mon=11, tm_mday=9, tm_hour=17, tm_min=4, tm_sec=44, tm_wday=2, tm_yday=313, tm_isdst=0)
Step: 5 motor steps 

1115
1338
1338
1283
1423
1368
1284
1300
1430
1362
1353
1341
1264
1368
1433
1486
1440
1459
1350
1346
1334
1250
1251
1308
1270
1336
1331
1356
1357
1312
1248
1268
1280
1358
1376
1418
1389
1416
1353
1435
1396
1432
1268
1450
1514
1478
1481
1608
1473
1638
1856
1907
1808
1772
1900
1828
2188
2112
2128
2396
2300
2412
2800
2656
2854
2760
2944
3024
3036
3308
3148
2972
3314
3368
3380
3432
3226
3268
3160
3088
3110
2807
2673
2680
2417
2595
2656
2348
2028
1894
1796
1690
1768
1548
1597
1763
1449
1068
1558
1070
1601
1262
1454
1360
1383
1336
1398
969
1483
1324
1003
988
1272
1376
1422
1426
1401
1400
1432
1320
1305
1445
1510
1420
1267
1412
1425
1432
1404
1432
1355
1380
1434
1368
1352
1392
1346
1303
1420
1420
