- Jet Lab

Date: time.struct_time(tm_year=2022, tm_mon=11, tm_mday=9, tm_hour=17, tm_min=5, tm_sec=18, tm_wday=2, tm_yday=313, tm_isdst=0)
Step: 5 motor steps 

936
1244
1336
1329
1261
1286
1344
1348
1448
1402
1408
1421
1424
1472
1292
1384
918
1472
1484
1484
1457
1330
1307
1404
1352
1449
1376
1294
1331
1315
1392
1232
1408
1283
1324
1269
1288
1376
1362
1340
1291
1380
1362
1264
1316
1432
1408
1326
1395
1540
1564
1580
1728
1628
1920
1680
1888
1820
1912
1921
2012
2342
2012
2324
2528
2546
2876
2462
2468
2880
2900
2888
3154
3098
2544
2916
3008
3140
3002
3104
3110
2744
2728
2800
2474
2370
1898
2448
2490
1940
2024
1990
1852
1750
1732
1508
1736
1688
1722
1536
1453
1411
1160
1282
1414
1515
1360
1500
1422
1416
1580
1369
1339
1440
1442
1442
1460
1440
1356
945
1328
1248
1400
1417
1392
1408
1264
1412
1350
1141
1300
1001
1293
1326
1344
1306
1386
1262
1322
1337
