- Jet Lab

Date: time.struct_time(tm_year=2022, tm_mon=11, tm_mday=9, tm_hour=17, tm_min=5, tm_sec=58, tm_wday=2, tm_yday=313, tm_isdst=0)
Step: 5 motor steps 

1012
1039
1316
1256
1034
1362
1372
1292
1412
1298
1444
1392
1404
1290
1415
1396
1472
1416
1440
1452
1332
1452
1331
1416
1422
1459
1526
1282
1321
1340
1437
1426
1184
1414
1367
1499
1488
1448
1521
1489
1288
1449
1472
1382
1452
1536
1520
1328
1612
1607
1540
1729
1856
1860
1833
1964
1882
2064
1947
1968
1874
2106
2230
2300
1929
2480
2268
2417
2496
2468
2312
2584
2464
2482
2416
2522
2897
2806
2528
2390
2908
2648
2552
2702
2643
2400
2169
2005
1988
1842
2026
1798
1804
1869
1802
1874
1465
1523
1488
1514
1644
1472
1514
1390
1616
1440
1540
1420
1564
1456
1452
1446
1331
1334
1320
1416
1392
1271
1304
1205
1433
1383
1365
1306
1364
1318
1384
1510
1418
1348
1363
1388
1416
1272
1299
1312
1292
1336
1296
1308
