- Jet Lab

Date: time.struct_time(tm_year=2022, tm_mon=11, tm_mday=9, tm_hour=17, tm_min=6, tm_sec=38, tm_wday=2, tm_yday=313, tm_isdst=0)
Step: 5 motor steps 

1019
1298
1329
1312
1348
1389
1444
1393
1418
1380
1347
1364
1287
1258
1297
1361
1274
1286
1286
1250
1310
1132
1326
1255
1152
1227
1384
1257
1171
1352
1196
1224
1374
1356
1334
1374
1426
1400
1331
1300
1531
1393
1444
1464
1591
1414
1474
1554
1496
1616
1436
1524
1585
1734
1756
1680
1752
1704
1716
1950
1874
1890
2094
2076
2181
2064
1984
2080
2218
2481
2235
2323
2512
2428
2312
2254
2380
2459
2401
2497
2280
2114
2408
2488
1884
2168
2226
2002
1954
2189
1985
1824
1778
1906
1657
1820
1808
1660
1685
1445
1509
1592
1625
1564
1533
1101
1400
1386
1412
1436
1388
1365
1278
1342
1122
1168
1148
1345
1440
1447
1444
1120
1376
1370
1331
1468
1426
1440
1422
1294
1307
1456
1358
1412
1364
1411
1364
1436
1272
1368
