- Jet Lab

Date: time.struct_time(tm_year=2022, tm_mon=11, tm_mday=9, tm_hour=17, tm_min=7, tm_sec=17, tm_wday=2, tm_yday=313, tm_isdst=0)
Step: 5 motor steps 

1105
1330
1376
1306
1268
1348
1416
1240
1408
1403
1432
1468
1472
1392
1353
1400
1353
1256
1416
1217
1322
986
1370
1345
1264
1328
1326
1470
1310
1283
1380
1415
1478
1365
1312
1510
1528
1598
1464
1466
1504
1437
1355
1454
1654
1554
1704
1497
1705
1884
1823
1644
1718
1713
1667
1785
1796
2008
1744
1826
1752
2010
2028
1792
2008
2200
2020
2088
2156
2130
2126
2132
2086
2196
2450
2349
2352
2343
2180
2224
2260
2480
2186
1944
2086
2008
2136
1961
1974
1946
1828
1799
1944
1824
1638
1820
1712
1713
1888
1634
1561
1268
1451
1596
1477
1590
1566
1555
1664
1580
1635
1530
1417
1442
1506
1436
1632
1568
1494
1472
1488
1280
1344
1381
1042
1286
1342
1286
1314
1441
1347
1258
1192
1336
1374
1353
1245
1328
1392
1366
