- Jet Lab

Date: time.struct_time(tm_year=2022, tm_mon=11, tm_mday=9, tm_hour=17, tm_min=7, tm_sec=53, tm_wday=2, tm_yday=313, tm_isdst=0)
Step: 5 motor steps 

1063
1272
1332
1385
1216
1403
1353
1404
1296
1333
1395
1416
1449
1402
1436
1382
1366
991
1356
1306
1362
1310
1430
1448
1377
1452
1408
1332
1361
1182
1424
1341
1210
1447
1500
1436
1453
1329
1556
1676
1537
1477
1513
1158
1673
1572
1606
1412
1524
1680
1632
1659
1600
1526
1488
1585
1559
1615
1804
1700
1509
1728
1808
1856
1664
1958
1840
1965
1968
1768
2040
2048
1984
2212
2098
2139
1902
1916
1882
2200
1920
1979
1955
2108
1976
2006
2016
1938
1936
1856
1893
1912
1796
1868
1841
1632
1602
1703
1616
1656
1575
1600
1585
1606
1526
1572
1672
1560
1622
1692
1684
1480
1485
1552
1576
1537
1424
1494
1478
1504
1418
1473
1464
1257
1416
1166
1214
1254
1364
1376
1388
1330
1284
1412
1368
1160
1273
1320
1292
1353
